mug001.jpg 1 530 83 734 641
mug002.jpg 1 565 182 686 490
mug005.jpg 1 342 252 371 385
mug009.jpg 1 205 384 507 469
mug010.jpg 1 162 93 851 719
mug011.jpg 1 715 64 531 529
mug012.jpg 1 193 119 799 627
mug014.jpg 1 339 175 418 392
mug015.jpg 1 219 739 516 508
mug016.jpg 1 687 336 535 480
mug018.jpg 1 511 102 604 604
mug020.jpg 1 421 633 341 378
mug021.jpg 1 283 251 990 892
mug026.jpg 1 154 385 832 656
mug027.jpg 1 514 328 588 619
mug028.jpg 1 441 243 663 533
mug030.jpg 1 197 587 544 492
mug031.jpg 1 191 82 959 711
mug032.jpg 1 350 180 420 548
mug033.jpg 1 96 139 1072 995
mug034.jpg 1 346 225 698 614
mug035.jpg 1 251 295 413 441
mug036.jpg 1 604 21 476 536
mug037.jpg 1 672 222 596 591
mug039.jpg 1 415 328 404 372
mug041.jpg 1 172 201 480 485
mug042.jpg 1 426 208 473 395
mug045.jpg 1 670 87 496 562
mug049.jpg 1 458 340 317 245
mug050.jpg 1 622 260 305 322
mug051.jpg 1 406 284 560 567
mug053.jpg 1 76 338 759 636
mug054.jpg 1 540 247 629 559
mug057.jpg 1 318 204 651 530
mug058.jpg 1 632 311 261 267
mug059.jpg 1 140 232 607 481
mug060.jpg 1 340 235 458 489
mug064.jpg 1 124 497 682 547
mug065.jpg 1 146 344 776 651
mug066.jpg 1 109 533 597 498
mug067.jpg 1 105 447 302 287
mug069.jpg 1 221 124 458 501
mug070.jpg 1 98 300 736 600
mug072.jpg 1 559 16 404 465
mug074.jpg 2 1 121 941 736 511 18 769 765
mug075.jpg 1 715 234 565 521
mug076.jpg 1 587 120 682 533
mug077.jpg 1 130 534 694 595
mug078.jpg 1 1 1 820 1173
mug079.jpg 1 436 356 573 425
mug080.jpg 1 530 193 671 636
mug081.jpg 1 75 329 373 364
mug083.jpg 1 262 551 242 247
mug084.jpg 1 291 441 439 440
mug085.jpg 1 897 360 383 438
mug086.jpg 1 440 217 511 406
mug087.jpg 1 108 470 394 305
mug088.jpg 1 658 133 549 583
mug091.jpg 1 138 122 606 577
mug096.jpg 1 515 283 250 236
mug099.jpg 1 509 178 618 568
mug101.jpg 1 179 370 541 614
mug102.jpg 1 157 87 1054 1020
mug103.jpg 1 82 23 593 670
mug105.jpg 1 105 90 566 520
mug106.jpg 1 148 525 558 478
mug107.jpg 1 170 331 700 687
mug108.jpg 1 106 553 303 302
mug110.jpg 1 162 643 247 209
mug111.jpg 1 348 105 708 570
mug112.jpg 1 675 377 367 294
mug113.jpg 1 121 384 709 645
mug115.jpg 1 140 43 1074 845
mug117.jpg 1 562 335 414 400
mug119.jpg 1 557 275 232 283
mug120.jpg 1 37 79 144 121
mug122.jpg 1 658 284 577 481
mug123.jpg 1 12 24 197 182
mug124.jpg 1 25 49 167 135
mug125.jpg 1 257 104 920 792
mug126.jpg 3 130 84 84 82 36 42 96 80 16 114 95 84
mug127.jpg 1 42 39 161 169
mug128.jpg 1 57 18 181 161
mug129.jpg 2 36 16 137 101 51 107 145 100
mug130.jpg 3 127 111 66 86 96 80 65 78 11 87 75 98
mug131.jpg 1 8 13 206 195
mug135.jpg 1 9 751 346 321
mug136.jpg 1 102 58 108 98
mug137.jpg 1 51 61 155 151
mug139.jpg 1 30 41 153 153
mug140.jpg 1 20 73 166 147
mug141.jpg 1 37 52 161 139
mug142.jpg 1 1 82 149 152
mug143.jpg 1 18 36 188 168
mug144.jpg 1 440 248 569 480
mug145.jpg 2 72 102 134 107 29 51 124 86
mug146.jpg 1 228 194 751 608
mug147.jpg 1 38 48 154 146
mug149.jpg 1 53 59 138 112
mug150.jpg 6 150 116 72 82 139 56 79 73 103 77 48 84 54 41 70 74 5 73 80 76 32 114 94 91
mug151.jpg 1 47 49 115 104
mug153.jpg 1 20 47 162 142
mug154.jpg 1 52 60 146 136
mug155.jpg 1 43 60 120 99
mug157.jpg 1 463 101 800 715
mug158.jpg 1 20 58 142 123
mug159.jpg 1 54 60 133 142
mug160.jpg 2 2 64 117 109 123 53 129 126
mug161.jpg 1 56 83 134 114
mug163.jpg 2 58 71 104 86 135 6 106 75
mug164.jpg 1 39 113 117 118
mug165.jpg 1 22 32 184 168
mug168.jpg 1 16 62 159 174
mug170.jpg 1 37 55 163 139
mug171.jpg 1 55 34 153 135
mug172.jpg 1 638 201 277 346
mug174.jpg 1 10 20 209 178
mug176.jpg 1 23 26 169 172
mug178.jpg 1 224 145 802 612
mug183.jpg 1 14 71 152 133
mug184.jpg 1 52 49 136 135
mug186.jpg 2 3 37 107 96 120 64 105 138
mug187.jpg 1 16 21 188 179
mug188.jpg 2 80 434 384 348 824 410 361 335
mug189.jpg 1 22 72 162 154
mug190.jpg 1 34 35 184 143
mug192.jpg 1 36 24 177 174
mug194.jpg 1 67 74 116 106
mug195.jpg 1 29 43 176 143
mug196.jpg 1 53 50 129 141
mug197.jpg 1 22 58 135 118
mug198.jpg 1 454 6 709 602
mug199.jpg 1 360 98 710 631
mug200.jpg 1 47 51 169 137
mug201.jpg 2 128 51 111 106 18 37 109 111
mug202.jpg 1 500 384 511 365
mug203.jpg 1 16 32 192 171
mug204.jpg 1 1 3 218 222
mug205.jpg 1 48 54 161 133
mug211.jpg 1 24 44 165 142
mug212.jpg 1 262 228 612 562
mug213.jpg 1 237 541 616 538
mug214.jpg 1 37 54 171 164
mug215.jpg 1 21 67 145 131
mug216.jpg 1 50 61 157 142
mug217.jpg 1 56 68 136 106
mug219.jpg 2 12 100 96 87 105 97 99 100
mug220.jpg 3 75 111 76 71 139 63 72 83 20 50 63 79
mug222.jpg 1 28 50 175 158
mug223.jpg 1 146 87 478 578
mug225.jpg 1 63 70 92 95
mug226.jpg 1 26 120 133 105
mug227.jpg 1 407 680 405 367
mug228.jpg 1 23 80 152 128
mug230.jpg 2 1 63 115 119 103 78 107 114
mug231.jpg 1 39 37 171 156
mug232.jpg 4 4 104 101 97 27 54 102 93 124 105 98 97 123 14 100 97
mug233.jpg 2 71 110 135 111 1 83 131 100
mug234.jpg 1 376 78 663 641
mug235.jpg 3 1 42 120 98 105 18 99 103 165 56 115 107
mug236.jpg 2 17 95 110 102 113 102 95 104
mug237.jpg 1 435 194 498 426
mug238.jpg 1 8 17 214 191
mug239.jpg 1 21 56 170 165
mug241.jpg 1 82 8 165 139
mug242.jpg 3 10 118 103 98 66 87 117 110 115 65 108 111
mug244.jpg 1 196 626 407 462
mug245.jpg 2 93 110 74 84 30 104 75 92
mug246.jpg 1 366 113 658 645
mug249.jpg 4 12 112 96 87 84 8 90 58 120 52 89 72 74 52 66 73
mug250.jpg 1 50 78 156 134
mug251.jpg 2 18 82 94 109 111 84 104 110
mug252.jpg 1 36 37 176 165
mug253.jpg 1 53 31 161 163
mug254.jpg 1 43 56 106 106
mug255.jpg 1 58 60 134 131
mug256.jpg 1 24 10 192 197
mug258.jpg 1 113 375 490 476
mug259.jpg 1 27 58 148 130
mug261.jpg 1 22 32 180 179
mug262.jpg 1 12 38 197 173
mug263.jpg 1 18 35 194 154
mug264.jpg 1 28 31 187 170
mug267.jpg 2 1 57 118 162 124 40 101 152
mug269.jpg 1 28 34 168 150
mug271.jpg 1 31 22 185 180
mug272.jpg 1 48 48 154 131
mug273.jpg 1 23 33 181 172
mug274.jpg 1 51 53 136 128
mug275.jpg 1 51 45 140 145
mug276.jpg 1 26 58 156 146
mug277.jpg 1 54 40 160 147
mug278.jpg 1 199 541 518 518
mug281.jpg 1 335 341 291 216
mug283.jpg 2 43 13 117 103 39 104 142 100
mug285.jpg 1 53 30 148 166
mug286.jpg 1 44 41 171 169
mug288.jpg 1 43 62 115 98
mug289.jpg 1 33 111 152 121
mug294.jpg 1 2 8 222 210
mug295.jpg 1 38 46 150 136
mug297.jpg 1 19 29 200 172
mug298.jpg 1 42 51 125 123
mug299.jpg 1 12 38 193 150
mug300.jpg 1 406 194 515 501
mug301.jpg 1 21 100 159 133
mug303.jpg 1 19 12 186 208
mug304.jpg 1 199 395 531 430
mug306.jpg 1 8 34 178 161
mug307.jpg 1 16 14 199 200
mug308.jpg 2 93 10 106 94 97 85 122 91
mug309.jpg 2 19 80 73 64 103 82 80 82
mug310.jpg 1 519 346 422 429
mug311.jpg 2 10 71 120 120 102 46 115 102
mug312.jpg 1 83 27 170 134
mug313.jpg 1 39 47 166 138
mug314.jpg 1 68 71 113 110
mug317.jpg 1 49 34 163 151
mug319.jpg 1 11 20 201 195
mug320.jpg 1 679 61 587 711
mug322.jpg 1 54 67 129 97
mug323.jpg 1 75 107 104 113
mug325.jpg 1 43 46 158 140
mug326.jpg 1 419 334 376 388
mug327.jpg 1 41 43 160 150
mug328.jpg 1 16 54 174 127
mug330.jpg 1 103 42 118 89
mug331.jpg 1 82 11 136 138
mug334.jpg 1 51 46 164 161
mug335.jpg 2 58 218 610 538 670 150 571 648
mug336.jpg 1 66 69 874 802
mug337.jpg 1 109 488 308 242
mug339.jpg 1 8 14 212 200
mug340.jpg 1 686 180 514 530
mug341.jpg 1 66 513 450 441
mug342.jpg 2 86 76 88 98 1 92 87 87
mug343.jpg 1 41 20 163 178
mug346.jpg 1 66 62 147 118
mug347.jpg 1 369 877 260 249
mug348.jpg 1 389 223 415 375
mug349.jpg 1 3 7 221 207
mug351.jpg 1 54 39 141 162
mug354.jpg 1 330 520 495 477
mug355.jpg 1 88 14 128 123
mug356.jpg 1 127 34 824 790
mug357.jpg 1 506 140 647 713
mug358.jpg 1 48 34 171 178
mug359.jpg 1 524 458 136 148
mug361.jpg 2 128 50 118 110 18 42 108 103
mug363.jpg 1 376 72 557 485
mug364.jpg 1 40 72 148 152
mug365.jpg 1 42 117 139 115
mug366.jpg 1 20 29 176 165
mug367.jpg 3 11 74 88 82 62 47 76 70 74 92 107 84
mug371.jpg 1 148 515 706 666
mug373.jpg 1 541 295 291 331
mug374.jpg 1 411 49 648 589
mug376.jpg 1 777 490 104 143
mug377.jpg 1 640 224 137 186
mug378.jpg 1 274 134 777 597
mug379.jpg 1 482 643 368 475
mug381.jpg 1 375 123 660 602
mug382.jpg 1 35 339 893 895
mug384.jpg 1 29 188 406 401
mug388.jpg 1 382 145 681 582
mug389.jpg 1 421 710 427 374
mug390.jpg 1 483 524 422 329
mug391.jpg 2 91 80 516 416 656 252 624 534
mug394.jpg 1 254 425 478 370
mug395.jpg 1 503 425 359 292
mug397.jpg 1 369 138 672 633
mug398.jpg 1 427 228 539 473
mug401.jpg 1 533 337 511 456
mug406.jpg 1 482 269 321 406
mug408.jpg 1 605 369 530 484
mug410.jpg 1 852 48 424 452
mug412.jpg 1 147 49 628 621
mug413.jpg 1 1 374 662 904
mug415.jpg 1 351 134 585 679
mug416.jpg 1 542 394 350 343
mug419.jpg 1 252 562 571 495
mug420.jpg 1 203 318 593 588
mug423.jpg 1 412 647 441 337
mug424.jpg 1 222 101 741 706
mug425.jpg 1 193 56 572 504
mug426.jpg 1 360 297 486 489
mug428.jpg 1 680 190 420 400
mug430.jpg 1 447 404 577 426
mug431.jpg 1 157 395 438 386
mug432.jpg 1 242 551 403 372
mug433.jpg 1 557 208 690 615
mug434.jpg 1 232 197 581 633
mug435.jpg 1 209 180 931 854
mug436.jpg 1 135 151 559 497
mug438.jpg 1 470 165 777 625
mug439.jpg 1 45 736 505 434
mug444.jpg 1 766 240 431 395
mug445.jpg 1 298 474 473 452
mug446.jpg 1 511 349 381 335
mug447.jpg 1 239 70 444 492
mug448.jpg 1 764 32 516 701
mug449.jpg 1 106 279 841 572
mug451.jpg 1 545 333 572 500
mug453.jpg 1 551 398 430 428
mug455.jpg 1 694 511 521 342
mug456.jpg 1 95 346 865 782
mug460.jpg 1 515 380 209 192
mug461.jpg 1 732 461 443 392
mug462.jpg 1 670 417 416 371
mug465.jpg 1 260 182 586 532
